%YAML:1.0
---
#camera_neican 
camera_matrix: !!opencv-matrix   
    rows: 3
    cols: 3
    dt: f
    data: [1441.70509436693,0,625.727430974394,0,1444.94030677991,337.475753058356,0,0,1]

#camera_jibian
dist_matrix: !!opencv-matrix
    rows: 5
    cols: 1
    dt: f
    data: [-0.531365142172322,0.346125796012924,0,0,0]
    


#HSV_blue
iLowH: 60
iHighH: 130
iLowS: 30
iHighS: 255
iLowV: 30
iHighV: 255

#find_armor.cpp's parameters
x2h_rate_min1: 1.0
x2h_rate_max1: 2.2
x2h_rate_min2: 2.5
x2h_rate_max2: 5.3
angle_of_Rotated: 33
k: 0.6
area_rate_min: 2.5
area_rate_max: 3.0






